36 61


1 广东海洋大学正门门

广东海洋大学位于广东湛江



2 蝴蝶湖

校门口一片池塘。



3 游泳池
学生游泳的地方。

4 网球场

学生打网球，上网球课的地方。



5 行政楼

学校领导上班工作点。



6 兴教楼

外国语学院，学生英语听力上课所在地。



7 兴农楼

农学院学生实验楼。



8 兴海楼

水产学院学生实验楼。



9 海洋广场

学生活动广场，有喷泉。



10 水产楼

学校水产学院做研究的地方。



11 水生生物博物馆

展览了各种水生生物，可以开阔见识。



12 教工宿舍

学校教工住的地方。

13 教工食堂

主校区5个食堂之一。

14 主教学楼

主校区学生上课的主要地点。

15 第一饭堂和商业中心

东区学生吃饭购物的地方。

16 中心广场

用于学生，学校等举办各种活动的地方。

17 图书馆

学生复习，学习的地方。

18 体育馆

是羽毛球，台球，健身，瑜伽等室内体育课上课地点。

19 东区宿舍

学生宿舍之一。

20 第二饭堂

装修之后，得到学生欢迎，东区学生常去。

21 体育场

东区学生锻炼的地方。

22 钟海楼A

学生上课的地方。

23 钟海楼B。

学生上课的地方

24 第二教学楼

学生上课的地方。

25第三食堂

住在中区学生吃饭首选。

26 科技楼

工科相关专业做实验的地方。

27 海科楼

海洋与气象学院实验楼。

28 第三实验楼

学校化学食品相关专业实验楼

29 校医院

学生看病治病的地方。

30 林果楼

农学院实验实习的地方。

31 工程训练中心

工科相关专业实习的地方。

32 西区体育场

西区学生锻炼的地方。

33 第四饭堂

住在西区的学生首选。

34 西区宿舍

学生宿舍。

35 艺术楼

中歌艺术学院相关专业上课的地方。

36 实验田

农学院实验播种的地方。

1 2 10
2 3 80
2 5 50
2 6 50
2 11 250
3 4 50
3 6 60 
3 10 10
4 10 30
4 21 200
5 6 50
5 11 200
5 12 150
5 7 20
6 10 20
6 8 30
7 12 100
7 9 5
9 14 40
10 3 10
10 15 30
14 16 30
8 17 50
8 9 5
8 15 30
15 19 80
15 18 40
17 18 30
17 16 50
18 19 100
19 31 250
19 20 100
20 21 150
31 30 100
30 29 100
29 27 200
29 32 150
27 28 80
27 26 50
26 25 150
26 22 80
22 23 10
22 16 50
23 16 50
25 24 100
24 13 150
24 22 150
24 23 150
24 35 300
13 12 100
13 24 100
12 7 100
12 36 400
12 11 80
32 33 200
33 34 200
34 35 300
35 36 300
36 11 200
36 12 200
36 2 400




